,Unnamed: 0,"('IPCC 2013, Ecoinvent V3.5', 'climate change', 'GWP 100a, bioCO2=1, C1_36')","('IPCC 2013, Ecoinvent V3.5', 'climate change', 'GWP 100a, bioCO2=0, C1_36')","('IPCC 2007, Ecoinvent V3.5', 'climate change', 'GWP 100a, bioCO2=1')","('IPCC 2007, Ecoinvent V3.5', 'climate change', 'GWP 100a, bioCO2=0')","('SWOLF_Acidification', 'SWOLF')","('SWOLF_Eutrophication', 'SWOLF')","('SWOLF_CED', 'SWOLF')","('CML (v4.4, 2015)', 'resources', 'depletion of abiotic resources - elements, ultimate reserves')","('Land_app', 'cmpLandDies')","('Land_app', 'NO3')","('Land_app', 'frac_gw')","('Land_app', 'MFEN')","('Land_app', 'MFEP')","('Land_app', 'MFEK')","('Land_app', 'DslAppN')","('Land_app', 'DslAppP')","('Land_app', 'DslAppK')","('Land_app', 'R_NO3')","('Land_app', 'R_N2O')","('Land_app', 'R_NH3')","('Land_app', 'PeatSubFac')","('Land_app', 'densPeat')","('Land_app', 'moistPeat')","('Land_app', 'CContPeat')","('Land_app', 'CstorePeat')","('Land_app', 'perN2Oevap')","('Land_app', 'perNH3evap')","('Land_app', 'perNasNH3fc')","('operation', 'allocation_ADC')","('Material_Properties', 'mcFC')","('Material_Properties', 'densFC')","('Soil_seq', 'perCStor')","('initflow', 'C_cont')","('initflow', 'N_cont')","('initflow', 'P_cont')","('initflow', 'K_cont')","('Lanfill', 'CH4_Collected')","('Lanfill', 'Frac_oxidized')","('Lanfill', 'Frac_flared')","('Lanfill', 'percCStor_LF')","('Lanfill', 'Elec_eff')","('Lanfill', 'frac_CH4')","('Lanfill', 'DC_subs_fac')","('Lanfill', 'Soil_dens')","('Lanfill', 'DC_thickness')","('Lanfill', 'ADC_thickness')","('Lanfill', 'Frac_NH4')","('Lanfill', 'LCRS_eff')","('Lanfill', 'NH4_rmv_eff')","('Lanfill', 'Grid_mix')"
Unnamed: 0,1.0,-0.006405758581096468,0.006400091421017923,-0.0065652587671845685,0.0066281516049029165,0.0004312147996454671,-0.005587242819634246,0.00048232095301909783,-5.782950907896791e-05,-0.005033881362942796,0.007005160482490181,0.0007462482453822397,-0.007701480059924708,-0.022210239106713502,-0.004988962672516386,0.002629727388525553,-0.00198334651571525,0.0012019522027574587,-0.0068756172844656035,0.0013416520802520227,-0.0093156551323255,-0.008964967627075977,0.009553796056707545,-0.0017272313780243751,0.0016666169827677332,0.003125170385569985,0.0056268314728306415,0.0013251876630723783,-0.0032664005456173556,-0.001491374169543131,-0.00471057317518773,0.00032864406285743205,-0.0014361821480235579,-0.012265188732568584,-0.008282990263461461,-0.0007039494520568135,0.0042977513058279375,-0.0038422154927517456,-0.0018022318752181502,0.0022501814932396227,-0.0032117263615202363,0.007610323514441956,-0.0023201109092578598,0.0018666922097275403,-0.003203171389647354,-0.0012303529994912106,0.009849433795513316,-0.004455749937494019,-0.005931449346216846,-0.008358629441803215,-0.004893617135001283
"('IPCC 2013, Ecoinvent V3.5', 'climate change', 'GWP 100a, bioCO2=1, C1_36')",-0.006405758581096468,1.0,-0.6080987632210757,0.999691326671579,-0.6861438283019026,-0.7137732314448163,-0.1997211550933351,-0.7220260104889371,-0.5988015485539918,-0.0050498952746095335,0.001466885098906023,0.002843979449263664,0.000992572431080299,0.0026271572553891996,0.001231479672272579,0.012486339645010204,0.005146130559137314,-0.009014870844143714,-0.008517575588583145,0.0021047722567958467,0.015211323678001952,0.0049449936675335995,-0.0014937827561992956,-0.008074959005811037,-0.0003098483215768343,0.009742939980410016,-0.006796613479036011,0.007430370710736766,-0.0112823052985131,0.020012946010485273,-0.4358716675999829,0.0014973162225472845,-0.0005805503842950018,0.6637076789926779,0.001643499022263089,-0.003371260700173759,-0.0011576839260847886,-0.12360300736932914,-0.04206507606764771,0.029107503386287984,-0.5020789932723544,-0.034153559527351614,0.0760770439933541,0.008351875791074872,-0.00236143076004319,0.0006730211450874477,-0.006954616086235877,0.003309571027358464,0.009371881147667394,0.004838602854844652,-0.011222451646289835
"('IPCC 2013, Ecoinvent V3.5', 'climate change', 'GWP 100a, bioCO2=0, C1_36')",0.006400091421017923,-0.6080987632210757,1.0,-0.611232069850664,0.9946941705824528,0.5056030651897604,0.06481844949504964,0.510624109485294,0.43356668313544616,0.00865543841890962,0.0036264222658983,0.008589678876090712,0.007111526505454566,-0.00470477138939381,0.0030496027543085308,-0.013279808684625284,-0.003025263144513444,0.011970652954429162,-0.000685094963329084,-0.001714302727219514,-0.012033800493829957,0.004738469539572532,0.002283146191491023,0.0030136206462576453,-0.005764627884037681,-0.00209468116792644,0.009143899658022288,0.0009244956802117565,0.010145453774191156,0.021076619073620025,0.5184972707719634,0.0024450197026697654,-0.009764596454473102,-0.7773180834755519,0.010239150216906856,0.006543047639545821,0.009531810697489769,-0.07646633133147954,-0.017941653085201244,0.009509328691252124,-0.2525212333766459,0.0035192596244106983,0.02415893025023193,-0.004180324571460672,-0.0022491232179955366,-0.004680086601958918,0.0055425491954056265,-0.007920673385226482,0.003066698189063417,0.0007964006080091676,-0.006125378470279185
"('IPCC 2007, Ecoinvent V3.5', 'climate change', 'GWP 100a, bioCO2=1')",-0.0065652587671845685,0.999691326671579,-0.611232069850664,1.0,-0.688726624215337,-0.7073592237329388,-0.1938765718715774,-0.7157622380256377,-0.5908848374904989,-0.005064318532123886,0.0014283884062402596,0.0024448184151896935,0.0007802865898926501,0.002584197165203104,0.0012685050763248773,0.012564930735624803,0.00502415836419556,-0.008699981036508656,-0.008367897040422187,0.00234951971968278,0.01487679151440671,0.004802576790521977,-0.0016583237503570271,-0.008091916124898254,-0.0003253103253127005,0.009893770958049258,-0.00667012059978503,0.00737591394092126,-0.011274597545573483,0.02931929680945092,-0.43688933609837016,0.0013878512217408018,-0.0004517980305549318,0.6655738454013046,0.0017463855579121692,-0.0031914050806002617,-0.0010446152084925644,-0.11039550143524395,-0.03704066505106141,0.03421859701906412,-0.5034274346776777,-0.04000134281164517,0.06502931985187634,0.008826303162566326,-0.002502652561879619,0.0008757661824698597,-0.007209762892536455,0.003081175031958838,0.009269162129785178,0.004972570496244637,-0.015526157101233158
"('IPCC 2007, Ecoinvent V3.5', 'climate change', 'GWP 100a, bioCO2=0')",0.0066281516049029165,-0.6861438283019026,0.9946941705824528,-0.688726624215337,1.0,0.5581241113797882,0.08747477306780214,0.563725522343474,0.47792495855221495,0.008587958344347961,0.003129076011725287,0.007361394025636775,0.006317121607598091,-0.004673234082213399,0.0026588387439049946,-0.01375780266864235,-0.003485056583770201,0.01227329507174359,0.0005196867055390173,-0.0017408332368668235,-0.013129712536170068,0.0036621513042322945,0.0022196277188344473,0.003788827685848232,-0.005260270443550536,-0.0031048224218718696,0.009317408177374463,-0.00012042395612309095,0.010762028964641863,0.02070940896834721,0.5313711696708036,0.0020097881623800285,-0.008841501945488684,-0.7977855017057899,0.009236331802609335,0.006513872106073418,0.008947955833472233,-0.04906740690316964,-0.009050449241001079,0.007186559377782424,-0.168441948518218,0.005112410254838997,0.007923972044543943,-0.004704796433451086,-0.0018206641765408196,-0.00430143750928377,0.005871139844827696,-0.007790750462448444,0.0015788401940125469,0.00016975342809754263,-0.006019390961765653
"('SWOLF_Acidification', 'SWOLF')",0.0004312147996454671,-0.7137732314448163,0.5056030651897604,-0.7073592237329388,0.5581241113797882,1.0,0.4990387540894918,0.9997779558671079,0.9718288299520313,0.006684008123879681,0.0036200583713418277,-0.005840080197288011,-0.0028314564654178423,0.002004242983384289,0.0008032389007465369,-0.01656290838445741,-0.004208787407161768,0.006538616474248784,0.00955239232217562,0.003280940121132401,-0.011329143409769158,-0.005803848313193616,-2.842359729195891e-05,-0.0026499981909384293,0.004078005548871351,-0.009456551489467138,0.009125639972134949,-0.0024855090028578983,0.02009489514947555,0.46890007804423406,0.34094978417385985,-0.0007275956587038335,-0.00313847594542784,-0.516077479177626,-0.0026508411449131094,0.006457610965330258,-0.0007705437629146328,-0.08576629215359391,-0.000909892773998578,0.20330713033695869,0.38546352277175583,-0.22377472110381635,-0.08750223920350042,0.026287446698881112,0.008529188132801693,-0.0029566659528605407,-0.0021316084367950295,-0.003566835488591801,-0.008281397656479438,-0.0019389763352955453,-0.19014355461894686
"('SWOLF_Eutrophication', 'SWOLF')",-0.005587242819634246,-0.1997211550933351,0.06481844949504964,-0.1938765718715774,0.08747477306780214,0.4990387540894918,1.0,0.4933998235134391,0.5469612386707207,0.005005623208692675,0.004116587626394298,-0.003721335197552516,0.0023931020679166825,0.005794765616804454,0.006673541228625003,-0.009077811268436198,-0.007687691042233363,0.0062356415911262895,0.004910970208310176,0.000508413835576293,-0.010344651955537862,-0.015550345069230509,-0.00014709839335458238,0.0001935020438763721,0.005316147958873134,-0.0020084997269740248,-0.0017918168349278583,0.0031427763286175575,0.014538721536901663,0.46542354273613934,-0.23686524688266858,0.005466146093214855,-0.010225336693017494,-0.2885440122266439,0.5914091872589612,0.003817213334333474,-0.01440178072322545,-0.043397395873549294,-0.0023561134603421524,0.10858420319670131,0.20858943902070923,-0.11620855372205673,-0.04698093817995702,0.0421630934177623,0.0006510822918692572,-0.0016556382806277546,-0.008663389143771655,0.3609035598328367,-0.017610917774370984,-0.005616237420668673,-0.10102051009779098
"('SWOLF_CED', 'SWOLF')",0.00048232095301909783,-0.7220260104889371,0.510624109485294,-0.7157622380256377,0.563725522343474,0.9997779558671079,0.4933998235134391,1.0,0.9667177380432549,0.0066810959669293905,0.003784819346364366,-0.005644059130895326,-0.0026858096939864962,0.0017659896505183414,0.0005131247087268614,-0.016490141922149766,-0.00420433293703788,0.006501166609832397,0.00969480818639313,0.0032787129786105876,-0.011335351990750711,-0.005829346997805147,0.00010456517731772418,-0.0024510012649335655,0.004109489081375848,-0.009615760072853214,0.008999695941760647,-0.0025871995443522045,0.019988186587729342,0.4505924832956189,0.34462710819909065,8.843715660865764e-05,-0.0030082888916579693,-0.5214800738158567,-0.002662355739070004,0.006340947827831809,-0.0008134957361474106,-0.08695722861946369,-0.0008127014802451624,0.20569096818930394,0.38959925525334305,-0.22649426159846148,-0.08845646936217469,0.022247507298924253,0.008729265406509111,-0.0032197733623224862,-0.0012972329230191797,-0.0035069151725729926,-0.008273323443934319,-0.0020499177495557352,-0.1920874058550866
"('CML (v4.4, 2015)', 'resources', 'depletion of abiotic resources - elements, ultimate reserves')",-5.782950907896791e-05,-0.5988015485539918,0.43356668313544616,-0.5908848374904989,0.47792495855221495,0.9718288299520313,0.5469612386707207,0.9667177380432549,1.0,0.006705717693470474,0.002121203718465674,-0.008037336430702197,-0.0041133744601330215,0.004143236394042399,0.003540386181653287,-0.016538292867131033,-0.0038918560985820054,0.006639961475634663,0.007629068447935938,0.003186413178988721,-0.010500589849993526,-0.0056653162408534866,-0.0017120320207996106,-0.004294580477729747,0.0037401683457425013,-0.007708344685324966,0.01014224059545929,-0.0009894076631116122,0.020989517692323944,0.6636919702585463,0.2895343995773547,0.0008435944096344165,-0.004049285291953175,-0.43907174205421295,-0.0024724532290415343,0.007885740538289797,-0.00027042801258200073,-0.06961305468337248,-0.001568929774826006,0.17052634310518824,0.32676424014577576,-0.18587876420756771,-0.07355394527858172,0.03421601698397271,0.00588205887453826,-0.0017316713804578943,-0.004219967651966246,-0.00430603832897761,-0.008038977244660996,-0.0004442416342023257,-0.16195824973234815
"('Land_app', 'cmpLandDies')",-0.005033881362942796,-0.0050498952746095335,0.00865543841890962,-0.005064318532123886,0.008587958344347961,0.006684008123879681,0.005005623208692675,0.0066810959669293905,0.006705717693470474,1.0,0.008190815618962488,-0.01074884735902774,0.01009128846591044,-0.002294476825658148,-0.002913484607044438,-0.00964568010003444,-0.007095836947782796,-0.007535024240125154,0.011629698195143446,-0.007343785731167228,-0.008133646883635041,-0.004873311820574226,0.0015940537316256134,0.0009181027046528191,-0.006534601735140122,0.0012137719957560583,0.0027077288367822116,-0.0038337909279309956,0.00029811022828702007,0.004092054821131394,0.0019130062790625845,0.0065282151362551525,0.0022388393847196913,-0.009612915335774488,-0.001293939878666953,0.008468094414713339,0.007962227321758416,-0.001880462434666874,0.0034963743724406053,-0.005643201000200907,0.0026244725574383503,0.0035847484132555843,-0.008170649324535225,-0.003225347430808021,0.00048359347582080435,0.0005106918501272003,-0.005293057576140428,0.005441552285861567,0.0012431669634065435,-0.003969446967008566,-0.0022329685328878147
"('Land_app', 'NO3')",0.007005160482490181,0.001466885098906023,0.0036264222658983,0.0014283884062402596,0.003129076011725287,0.0036200583713418277,0.004116587626394298,0.003784819346364366,0.002121203718465674,0.008190815618962488,1.0,-0.0023827839420256236,0.010625382133826593,0.00852735891191873,0.0008180834229412975,-0.004503442609610505,0.0010910801286439283,0.0011298777773616961,0.001611500492002548,0.006276806971241055,-0.00671066609265354,0.012074080770192454,-0.0007475570983432575,0.005074537381646804,0.006743181671500023,-0.010581349407430777,0.0038814492630542814,-0.0028669079603394205,0.01028266257369303,-0.003106578960805663,-0.0014185204838109882,-0.0015742428224609004,0.01251583421941015,-0.00393194732466283,0.00897565386932801,0.005816304953607775,0.0026261390248162844,-0.009141270926897642,0.011791505810979614,0.020067355826311164,-0.00050002423768576,0.007942438451399943,0.0038851205729936314,-0.014718533605745517,0.010663542708609192,0.0006565408260685447,-0.004839739650311196,-0.0029879884144180776,-0.004875779397669468,-0.004226107246138157,-0.003016287820015596
"('Land_app', 'frac_gw')",0.0007462482453822397,0.002843979449263664,0.008589678876090712,0.0024448184151896935,0.007361394025636775,-0.005840080197288011,-0.003721335197552516,-0.005644059130895326,-0.008037336430702197,-0.01074884735902774,-0.0023827839420256236,1.0,0.004709741630001634,-0.002540415796374304,-0.007701243932716041,0.012961707851714197,-0.0014167881381947126,-0.00022446987670837545,0.009926999254331532,0.0061519998128213745,0.010821981433421198,-0.00799626536493542,0.006781410754539383,-0.005901699853198394,-0.0009333846439316863,-0.010578858797769552,0.003982602386243182,0.002664246829998462,0.013855332450493923,-0.011716764196245438,0.0019589564668004316,0.0006603128732746398,-0.0023227744743584337,-0.007158601317416647,-8.348084676604587e-05,-0.005417262095297155,-0.007616046930351763,-0.01127834733549854,-0.014579883417986219,-0.003922711714999724,-0.006494177441046773,-0.005129239257119986,0.008897577626974965,0.002593056662915676,0.0007336889973340219,0.003887493711784574,0.007000559964805865,0.009125937215971327,0.0002940137466334901,0.007223553785832497,-0.007749992895778829
"('Land_app', 'MFEN')",-0.007701480059924708,0.000992572431080299,0.007111526505454566,0.0007802865898926501,0.006317121607598091,-0.0028314564654178423,0.0023931020679166825,-0.0026858096939864962,-0.0041133744601330215,0.01009128846591044,0.010625382133826593,0.004709741630001634,1.0,-0.007464641018109565,0.0003779316296647526,0.005755044124164253,-0.0006890287919636098,0.0046996377259647315,0.004117492984556462,-0.0005693123199036041,-0.005799326513894453,-0.005389032612831763,0.009336580710040778,-0.000489539779881028,0.005575960638366368,-0.0050689647830428905,0.0002269744474690703,-0.0010495003675524918,-0.010969817515242905,-0.006175167462379435,0.0013010750501004109,0.005364242111738344,0.007248717985670165,-0.004746207673935975,0.003815786531727412,0.002534104035831965,-0.0051136777577965534,-0.005606348164333365,-0.003965965021382566,-0.002408152742004239,-0.00877516005203747,-0.00544143412670497,0.004498818465743817,-0.00450187030388944,-0.004710142359827862,0.0041700834660052906,0.00879539698890502,0.010747242143436645,3.454192807982771e-05,-0.007620980001797166,0.001713452848599159
"('Land_app', 'MFEP')",-0.022210239106713502,0.0026271572553891996,-0.00470477138939381,0.002584197165203104,-0.004673234082213399,0.002004242983384289,0.005794765616804454,0.0017659896505183414,0.004143236394042399,-0.002294476825658148,0.00852735891191873,-0.002540415796374304,-0.007464641018109565,1.0,-0.009077569279491304,-0.007071293481458646,0.006203254526339146,-0.004929490436833079,-0.0012261249910112306,0.004382379688627844,-0.011593158730355442,0.019538644570539193,0.0002297196201721385,0.009229655489224225,0.0008420750400917554,0.01629993686851944,0.010732312144951727,0.0027150464820531973,0.010207165794518363,0.008715333499659996,-0.0034874417360420233,-0.007423797920603664,0.0055782460056898586,0.0012347064276169175,0.0017791321722582048,-0.014063448049687352,0.01196411591811266,0.00030089813555509505,-0.01473141890638096,-0.0002229673595435033,0.008654309142504937,0.0006371698855220873,0.0037430779099534546,0.010330706899431094,-0.016601443620079377,0.0015401378323634492,0.0030672754733635753,0.0038862807454741106,-0.0007625366950651136,0.014941188445125089,-0.006913200582717405
"('Land_app', 'MFEK')",-0.004988962672516386,0.001231479672272579,0.0030496027543085308,0.0012685050763248773,0.0026588387439049946,0.0008032389007465369,0.006673541228625003,0.0005131247087268614,0.003540386181653287,-0.002913484607044438,0.0008180834229412975,-0.007701243932716041,0.0003779316296647526,-0.009077569279491304,1.0,-0.006920959903986146,0.0018771549270619838,-0.006087422641545372,-0.0038928441231429584,0.005182936931325538,-0.009439449628542682,-0.003133059167189892,0.0011493721595050312,-0.005880165266787394,-0.0022573382726774095,0.00841963093766557,0.0007832369655100071,0.0014073176253245265,0.0030587409541065784,0.010241202149655314,-0.004630776396995688,-0.005978579189944116,0.00584544404806281,-0.00920645340114,-0.0003507718055959354,-0.01627233410918269,-0.0072860749017545435,0.0041088125559452715,0.008845439136530112,-0.0032846123273861964,-0.006082682245719609,0.001272811843389958,0.012408263343258752,0.011058766234477968,0.0013031414890390812,-0.006478497611747404,0.0001371790197631303,0.007312216279382216,0.0008033060915844882,-0.01693039287430198,0.0031780148859520043
"('Land_app', 'DslAppN')",0.002629727388525553,0.012486339645010204,-0.013279808684625284,0.012564930735624803,-0.01375780266864235,-0.01656290838445741,-0.009077811268436198,-0.016490141922149766,-0.016538292867131033,-0.00964568010003444,-0.004503442609610505,0.012961707851714197,0.005755044124164253,-0.007071293481458646,-0.006920959903986146,1.0,0.005884554503057,-0.00395328631968061,0.0035176146699970813,-2.783858979559682e-05,-0.01248163478218847,0.005163458497267972,-0.0029753895043610336,-0.015370827321513222,-0.01055315647648047,-0.008381857235215645,0.0017394796862543033,-0.012783897196995556,0.014131051385846005,-0.00911859739832948,-0.014604384459641876,-0.0037851647541688846,-0.004904715681667118,0.0035098744365923895,0.0007419506676347717,0.0021220038321458318,0.008719423094707189,0.01343022924558814,-0.0006444977407722566,0.010799839410655338,-0.007554128209873257,0.005103722373243443,0.008932104913275611,-0.00829860487682122,0.0049499076917947325,0.010678609033549603,0.002521592479809865,-0.013184523988278353,-0.0018251347382726658,0.006700030780506644,0.004108309398917599
"('Land_app', 'DslAppP')",-0.00198334651571525,0.005146130559137314,-0.003025263144513444,0.00502415836419556,-0.003485056583770201,-0.004208787407161768,-0.007687691042233363,-0.00420433293703788,-0.0038918560985820054,-0.007095836947782796,0.0010910801286439283,-0.0014167881381947126,-0.0006890287919636098,0.006203254526339146,0.0018771549270619838,0.005884554503057,1.0,-0.0006568907674742512,-0.010093899408053804,-0.0058297344817447375,0.0005405589888033002,0.007658494272284974,0.0010234122840944559,-0.0019199041479851936,-0.0015276061674261378,0.0059538349339595155,0.008304997141083712,0.008022798203538985,-0.007105039208438718,-0.001019770455555284,0.006362490857308281,6.916897435093548e-05,0.005980563700820752,0.007727134709028695,0.004113289526115311,-0.009183535026071539,0.00586515026456749,0.002741267787529495,-0.012803270754149287,0.0017580561530099674,-0.002369060056193599,-0.006584792702851806,-0.00026568902578764074,-0.0002282120577248008,-0.009723675464998615,0.011779273736029309,0.009360953441041488,-0.011908522216190327,0.010041951062907048,-0.00299335096328339,0.0009528026293839636
"('Land_app', 'DslAppK')",0.0012019522027574587,-0.009014870844143714,0.011970652954429162,-0.008699981036508656,0.01227329507174359,0.006538616474248784,0.0062356415911262895,0.006501166609832397,0.006639961475634663,-0.007535024240125154,0.0011298777773616961,-0.00022446987670837545,0.0046996377259647315,-0.004929490436833079,-0.006087422641545372,-0.00395328631968061,-0.0006568907674742512,1.0,-0.000931885747685471,0.010877825705030285,-0.0073139718204583695,-0.01304483520308235,-0.0015004261317140986,0.014542538803024736,-0.007444871248463704,-0.0029835202458728736,0.0004011996824247113,0.005014785801671878,-0.008655428375077524,0.004026351445401658,0.004169325284854311,-0.003141659092741773,-0.0045840057938755846,-0.010455500641491764,0.005102349734166586,0.008493458272249194,0.0027431917283748585,0.012357684189243576,-0.009539326929060926,0.0011665973717028266,-0.006154048360545373,0.001310594015214798,-0.0071950706148331545,0.002531159607224751,-0.0088806834075454,-0.011867945955686432,0.0009406888754091418,0.004755940783059291,-0.002883237727010682,0.003033517797911846,-0.006870017131440083
"('Land_app', 'R_NO3')",-0.0068756172844656035,-0.008517575588583145,-0.000685094963329084,-0.008367897040422187,0.0005196867055390173,0.00955239232217562,0.004910970208310176,0.00969480818639313,0.007629068447935938,0.011629698195143446,0.001611500492002548,0.009926999254331532,0.004117492984556462,-0.0012261249910112306,-0.0038928441231429584,0.0035176146699970813,-0.010093899408053804,-0.000931885747685471,1.0,-0.004764816214355186,0.00528632313772322,0.0009291430064142304,-0.00029048420356355683,-0.0031019991360387187,-0.005668295205498899,-0.01400582906964994,-0.0008976083766017106,0.0031364725353515716,0.003061965950810308,-0.0017275819509528665,0.00579453063789448,-0.008320760061597985,-0.00593339212402376,-0.0022298626474185016,0.00018234149176089978,0.0012406844752924917,-0.009249566991645643,0.004453272825251359,0.0026176563814483914,0.0034777382375765506,0.011258581562367788,0.0026196733899470264,-0.000705379010930989,-0.006574803949374179,-0.009206314026136976,-0.0007842577507419676,-0.008004547591870253,0.0007334201345358568,0.004130505732995874,0.005680610772321565,-0.01096207374433791
"('Land_app', 'R_N2O')",0.0013416520802520227,0.0021047722567958467,-0.001714302727219514,0.00234951971968278,-0.0017408332368668235,0.003280940121132401,0.000508413835576293,0.0032787129786105876,0.003186413178988721,-0.007343785731167228,0.006276806971241055,0.0061519998128213745,-0.0005693123199036041,0.004382379688627844,0.005182936931325538,-2.783858979559682e-05,-0.0058297344817447375,0.010877825705030285,-0.004764816214355186,1.0,0.007696746255932912,0.0051668618062619374,-0.009953083563906657,-0.0036158369369061697,-0.0019497929713609987,-0.0003131762966817863,0.0004649235973507888,0.007713517519192055,0.0050208440643277254,0.001513661473512471,1.3416177566864343e-06,-0.009004875455145604,0.0005348188335930064,0.0015689884996109341,-0.00439637928921683,-0.0037431947419206703,-0.003533032960691686,0.0015604221986143805,0.008672541934167149,-0.0005808746524666789,0.001051537509115026,-0.009709793833375868,-0.000873202529225963,-0.003738444767428071,-0.00828505055533431,0.007505156925230888,-0.007272722535185686,0.0031098633671120977,-0.010220204125371495,0.013297963890962227,-0.00618540207575997
"('Land_app', 'R_NH3')",-0.0093156551323255,0.015211323678001952,-0.012033800493829957,0.01487679151440671,-0.013129712536170068,-0.011329143409769158,-0.010344651955537862,-0.011335351990750711,-0.010500589849993526,-0.008133646883635041,-0.00671066609265354,0.010821981433421198,-0.005799326513894453,-0.011593158730355442,-0.009439449628542682,-0.01248163478218847,0.0005405589888033002,-0.0073139718204583695,0.00528632313772322,0.007696746255932912,1.0,0.007488635605297692,0.0034160076993842714,-0.00118236178824771,-0.004429553364326001,0.0021095925685924092,0.006129312962244807,0.01111151550308297,0.006264786855767391,-0.0030415017208106437,-0.00035879691306268024,0.008509021957790333,0.001126086554931765,0.01630186130840183,0.0004145730966102027,0.005008594718443173,-0.007719718733905166,-0.005619645743066565,-0.003789265363680459,0.005979214388679098,-0.000166349619674191,0.0026940010326356283,0.01152456199948663,-0.008411484880460474,-0.010973581864059933,0.004875496377916044,-0.00296450118186985,-0.006749166153164238,0.010992327585972938,0.00446303222874147,-0.0053118047026372165
"('Land_app', 'PeatSubFac')",-0.008964967627075977,0.0049449936675335995,0.004738469539572532,0.004802576790521977,0.0036621513042322945,-0.005803848313193616,-0.015550345069230509,-0.005829346997805147,-0.0056653162408534866,-0.004873311820574226,0.012074080770192454,-0.00799626536493542,-0.005389032612831763,0.019538644570539193,-0.003133059167189892,0.005163458497267972,0.007658494272284974,-0.01304483520308235,0.0009291430064142304,0.0051668618062619374,0.007488635605297692,1.0,0.010844384627215679,-0.0036454862502515706,0.00287195843647874,0.0013507980766134307,-0.017443130823718414,0.0012166257040623866,0.017880073307410153,-0.0031061044725842687,0.0016205633324921519,-0.008617500895619998,-0.008874967167576244,-0.0036042141794626072,-0.01540245255049243,0.0016962257017959586,0.011253063114226558,0.0008904101767400083,-0.005484273064412303,0.003110044159907231,-0.010931841996344728,0.008974522014556176,0.014593938630726496,0.003400377297929957,-0.0036664774794143624,0.01282487667683065,-0.004644595850954076,-0.005695502744780995,0.0014269746762075322,-0.0037167211633449757,-0.003477937030556973
"('Land_app', 'densPeat')",0.009553796056707545,-0.0014937827561992956,0.002283146191491023,-0.0016583237503570271,0.0022196277188344473,-2.842359729195891e-05,-0.00014709839335458238,0.00010456517731772418,-0.0017120320207996106,0.0015940537316256134,-0.0007475570983432575,0.006781410754539383,0.009336580710040778,0.0002297196201721385,0.0011493721595050312,-0.0029753895043610336,0.0010234122840944559,-0.0015004261317140986,-0.00029048420356355683,-0.009953083563906657,0.0034160076993842714,0.010844384627215679,1.0,0.0007101603751830331,0.00760444398883505,-0.007709752147380816,0.0008720070618779101,0.013187892787146653,-0.008628532696772535,-0.006475850649454379,-0.011201720744791845,-0.0018617073511801507,-0.0019584355849012673,-0.010700990316483174,-0.004645750794030582,-0.007824989540866554,-0.0007283883422407248,-0.0007446295035238271,-0.005740668787874849,0.0036277637426678066,0.0007804380274235727,0.003155198238570328,-0.008636802657013705,0.0014098791797497107,-0.0055363076149033885,-0.004405887987315572,-0.007443915210765773,0.0018192465470392434,-0.0002530936288342204,0.008586413164530729,0.00319603501969678
"('Land_app', 'moistPeat')",-0.0017272313780243751,-0.008074959005811037,0.0030136206462576453,-0.008091916124898254,0.003788827685848232,-0.0026499981909384293,0.0001935020438763721,-0.0024510012649335655,-0.004294580477729747,0.0009181027046528191,0.005074537381646804,-0.005901699853198394,-0.000489539779881028,0.009229655489224225,-0.005880165266787394,-0.015370827321513222,-0.0019199041479851936,0.014542538803024736,-0.0031019991360387187,-0.0036158369369061697,-0.00118236178824771,-0.0036454862502515706,0.0007101603751830331,1.0,0.002039591827144574,-0.0010134204843395102,0.013192723192751468,-0.008569794059845273,0.0025546063553859803,-0.0072091395469043125,-0.006515395254104804,0.004742081477563969,0.005232805440031795,-0.010185191868750991,0.007636445407960524,-0.007043256533957954,0.00936709864244973,0.012575207291922675,-0.005076699660020725,0.000276051804455106,0.004747602566279812,0.006336547056690886,-0.004111284765141488,-0.013555946615341725,0.004269141902359697,-0.001497029146071239,0.0021467001488989584,-0.0068311551149781565,-0.00040254584689362476,0.004489771486219652,0.012755858657266736
"('Land_app', 'CContPeat')",0.0016666169827677332,-0.0003098483215768343,-0.005764627884037681,-0.0003253103253127005,-0.005260270443550536,0.004078005548871351,0.005316147958873134,0.004109489081375848,0.0037401683457425013,-0.006534601735140122,0.006743181671500023,-0.0009333846439316863,0.005575960638366368,0.0008420750400917554,-0.0022573382726774095,-0.01055315647648047,-0.0015276061674261378,-0.007444871248463704,-0.005668295205498899,-0.0019497929713609987,-0.004429553364326001,0.00287195843647874,0.00760444398883505,0.002039591827144574,1.0,-0.005669406449578854,0.004899422901923749,0.0007896620299839126,0.008321446292866347,0.001205307231072688,0.0070386493202577475,0.007322664922741848,-0.0025464995337028647,0.008428359432829586,0.011315550150895278,-0.006192572808785949,-0.003762232357302042,-0.0005781083169834697,0.011545160551920706,0.0071114343192801265,0.00794173279425754,-0.009064221828695703,0.005468435480555509,-0.0004960881785237993,-0.004311124454939704,-0.0021597497498979973,-0.0016688445253806605,-0.003289296512862595,-0.004674021821678314,-0.0018105557223003685,-0.00858188080779399
"('Land_app', 'CstorePeat')",0.003125170385569985,0.009742939980410016,-0.00209468116792644,0.009893770958049258,-0.0031048224218718696,-0.009456551489467138,-0.0020084997269740248,-0.009615760072853214,-0.007708344685324966,0.0012137719957560583,-0.010581349407430777,-0.010578858797769552,-0.0050689647830428905,0.01629993686851944,0.00841963093766557,-0.008381857235215645,0.0059538349339595155,-0.0029835202458728736,-0.01400582906964994,-0.0003131762966817863,0.0021095925685924092,0.0013507980766134307,-0.007709752147380816,-0.0010134204843395102,-0.005669406449578854,1.0,-0.0003679150512761028,0.005783294444642999,-0.01003575453367012,0.0008058104812750181,-0.0020685565798111436,-0.0035825908942088945,-0.00273055525820959,0.005613605896152325,0.0031955577617257987,-0.00856463265955548,0.0037751726808333544,0.008125661348329758,0.00112304024571081,0.013449316724294145,-0.011951230004130408,0.00450194344722703,0.006171272639031752,0.008608766317192595,-0.00561246149930493,-0.005897653852838511,0.004896303965085866,-0.007584134932051579,0.0026214056503945904,0.0024069247433689844,0.006974358692810778
"('Land_app', 'perN2Oevap')",0.0056268314728306415,-0.006796613479036011,0.009143899658022288,-0.00667012059978503,0.009317408177374463,0.009125639972134949,-0.0017918168349278583,0.008999695941760647,0.01014224059545929,0.0027077288367822116,0.0038814492630542814,0.003982602386243182,0.0002269744474690703,0.010732312144951727,0.0007832369655100071,0.0017394796862543033,0.008304997141083712,0.0004011996824247113,-0.0008976083766017106,0.0004649235973507888,0.006129312962244807,-0.017443130823718414,0.0008720070618779101,0.013192723192751468,0.004899422901923749,-0.0003679150512761028,1.0,0.00543577202317386,-0.006849661370618147,0.008931035510039853,0.00599299001813121,-0.0023592255899262254,0.005444513525289191,-0.0041088184471177085,-0.012300672628434489,4.390875067763236e-05,0.013765454974790856,-0.0036055774874014417,0.009725989776170703,0.005930023126126885,-0.0016258129434401753,0.0012605123423670224,0.003282445944128303,0.0026848682818267485,0.0012402478241366655,-0.011669164488713768,-0.0029285959728428523,-0.0017395007333967925,0.006303091360736118,0.008732361738342253,0.006954273300277112
"('Land_app', 'perNH3evap')",0.0013251876630723783,0.007430370710736766,0.0009244956802117565,0.00737591394092126,-0.00012042395612309095,-0.0024855090028578983,0.0031427763286175575,-0.0025871995443522045,-0.0009894076631116122,-0.0038337909279309956,-0.0028669079603394205,0.002664246829998462,-0.0010495003675524918,0.0027150464820531973,0.0014073176253245265,-0.012783897196995556,0.008022798203538985,0.005014785801671878,0.0031364725353515716,0.007713517519192055,0.01111151550308297,0.0012166257040623866,0.013187892787146653,-0.008569794059845273,0.0007896620299839126,0.005783294444642999,0.00543577202317386,1.0,-0.006263277681137963,0.004409868818431554,-0.010388801118128264,-0.0012522102090490085,0.006677239283523486,-0.004224111528040566,-0.0030039034104482713,0.013817895407883961,0.004634560556306875,0.0009281411636755568,-0.016818019206565834,-0.004746646408196584,-0.0008278385896906366,-0.006548580648639175,0.00977203564614456,-0.005055492731205263,-0.008316119898699086,-0.0008804063966979688,0.004442578221001718,0.0024137499998807886,0.0008598050942272036,0.009332237691422976,-0.0010992117815330179
"('Land_app', 'perNasNH3fc')",-0.0032664005456173556,-0.0112823052985131,0.010145453774191156,-0.011274597545573483,0.010762028964641863,0.02009489514947555,0.014538721536901663,0.019988186587729342,0.020989517692323944,0.00029811022828702007,0.01028266257369303,0.013855332450493923,-0.010969817515242905,0.010207165794518363,0.0030587409541065784,0.014131051385846005,-0.007105039208438718,-0.008655428375077524,0.003061965950810308,0.0050208440643277254,0.006264786855767391,0.017880073307410153,-0.008628532696772535,0.0025546063553859803,0.008321446292866347,-0.01003575453367012,-0.006849661370618147,-0.006263277681137963,1.0,0.015158142385417418,0.008058476845214728,-0.005502072057292775,-0.0026931542549098815,-0.011637241086801071,0.0002563828075590378,-0.005749551278908147,-0.009324445301279185,-0.015372671704090379,0.013981319340413165,-0.002771252065597569,0.006592900926140311,-0.013655105003023851,0.00956214743632652,-0.006493466578028083,1.404298279592018e-05,-0.009091679653417492,0.01245103692838545,0.00921346080951582,0.0012671835261151576,-0.01197122266684757,0.00010853045562413394
"('operation', 'allocation_ADC')",-0.001491374169543131,0.020012946010485273,0.021076619073620025,0.02931929680945092,0.02070940896834721,0.46890007804423406,0.46542354273613934,0.4505924832956189,0.6636919702585463,0.004092054821131394,-0.003106578960805663,-0.011716764196245438,-0.006175167462379435,0.008715333499659996,0.010241202149655314,-0.00911859739832948,-0.001019770455555284,0.004026351445401658,-0.0017275819509528665,0.001513661473512471,-0.0030415017208106437,-0.0031061044725842687,-0.006475850649454379,-0.0072091395469043125,0.001205307231072688,0.0008058104812750181,0.008931035510039853,0.004409868818431554,0.015158142385417418,1.0,0.004000259619636826,0.015033529320178747,-0.004797022600953257,-0.008203538128873679,-0.0008844058318251015,0.00932455744086639,0.0014204155675156406,0.011228764461042567,-0.0026222160193146455,-0.005519585258426572,0.0016600719914505013,0.013516841434606644,0.002353955556095898,0.011939129863022953,-0.0051148981713557045,0.001249861233227063,-0.0025694761361562584,-0.004966045376562501,-0.0037782732342871153,0.004639386016452383,-0.003417900304635643
"('Material_Properties', 'mcFC')",-0.00471057317518773,-0.4358716675999829,0.5184972707719634,-0.43688933609837016,0.5313711696708036,0.34094978417385985,-0.23686524688266858,0.34462710819909065,0.2895343995773547,0.0019130062790625845,-0.0014185204838109882,0.0019589564668004316,0.0013010750501004109,-0.0034874417360420233,-0.004630776396995688,-0.014604384459641876,0.006362490857308281,0.004169325284854311,0.00579453063789448,1.3416177566864343e-06,-0.00035879691306268024,0.0016205633324921519,-0.011201720744791845,-0.006515395254104804,0.0070386493202577475,-0.0020685565798111436,0.00599299001813121,-0.010388801118128264,0.008058476845214728,0.004000259619636826,1.0,-0.008980627081843003,-0.0017997546015094683,0.005958619339522068,0.0006253946176468711,-0.0037913530704230267,0.016968573534188448,-0.0016215296651932143,-0.0013754491470167037,-0.004061409792549234,-0.006538445904344239,-6.71986333662632e-05,-0.011585889929036437,-0.016533264539306574,0.001984591554289879,-0.01582393110550865,0.013363472130460945,-0.0017116717050686251,0.009121603137750477,-0.001526503992238764,-0.004113928838282392
"('Material_Properties', 'densFC')",0.00032864406285743205,0.0014973162225472845,0.0024450197026697654,0.0013878512217408018,0.0020097881623800285,-0.0007275956587038335,0.005466146093214855,8.843715660865764e-05,0.0008435944096344165,0.0065282151362551525,-0.0015742428224609004,0.0006603128732746398,0.005364242111738344,-0.007423797920603664,-0.005978579189944116,-0.0037851647541688846,6.916897435093548e-05,-0.003141659092741773,-0.008320760061597985,-0.009004875455145604,0.008509021957790333,-0.008617500895619998,-0.0018617073511801507,0.004742081477563969,0.007322664922741848,-0.0035825908942088945,-0.0023592255899262254,-0.0012522102090490085,-0.005502072057292775,0.015033529320178747,-0.008980627081843003,1.0,0.012099862210742694,-0.005800241446280061,0.004823576098013843,0.0010634168509384436,-0.01164003704087385,-0.002250197287470288,0.01078617328429016,0.0070086455426859665,-0.007676762921946378,-0.0008301845694458333,0.001474525040445568,0.0017364673708435115,-0.002026454419044496,0.010603648897299924,-0.001990548983437208,0.00334313075283829,0.0002519412969689961,-0.007346955179164453,-0.0014335629121065897
"('Soil_seq', 'perCStor')",-0.0014361821480235579,-0.0005805503842950018,-0.009764596454473102,-0.0004517980305549318,-0.008841501945488684,-0.00313847594542784,-0.010225336693017494,-0.0030082888916579693,-0.004049285291953175,0.0022388393847196913,0.01251583421941015,-0.0023227744743584337,0.007248717985670165,0.0055782460056898586,0.00584544404806281,-0.004904715681667118,0.005980563700820752,-0.0045840057938755846,-0.00593339212402376,0.0005348188335930064,0.001126086554931765,-0.008874967167576244,-0.0019584355849012673,0.005232805440031795,-0.0025464995337028647,-0.00273055525820959,0.005444513525289191,0.006677239283523486,-0.0026931542549098815,-0.004797022600953257,-0.0017997546015094683,0.012099862210742694,1.0,0.010142107295156253,-0.003582440416944446,0.007645935415011351,-0.010232069935548267,0.00673861813681436,0.014101773150661398,0.0038289405318677736,0.0047777266354012814,0.0063592032520184,0.005886368619919617,-0.01082993162502629,0.001296062150850785,0.001371014201500751,0.008000999200544916,-0.005296771193341191,-0.0049311934047827095,0.012342008954847963,5.8713257865230706e-05
"('initflow', 'C_cont')",-0.012265188732568584,0.6637076789926779,-0.7773180834755519,0.6655738454013046,-0.7977855017057899,-0.516077479177626,-0.2885440122266439,-0.5214800738158567,-0.43907174205421295,-0.009612915335774488,-0.00393194732466283,-0.007158601317416647,-0.004746207673935975,0.0012347064276169175,-0.00920645340114,0.0035098744365923895,0.007727134709028695,-0.010455500641491764,-0.0022298626474185016,0.0015689884996109341,0.01630186130840183,-0.0036042141794626072,-0.010700990316483174,-0.010185191868750991,0.008428359432829586,0.005613605896152325,-0.0041088184471177085,-0.004224111528040566,-0.011637241086801071,-0.008203538128873679,0.005958619339522068,-0.005800241446280061,0.010142107295156253,1.0,-0.005826918755797922,-0.008644525596806606,-0.00012730707997030645,0.013252324853935682,-0.0011361595533485101,0.000719706465550636,-0.002441623328348235,-0.0210244438254888,0.005610961481090338,-0.003155182977942973,0.0015670090813003066,-0.006003751252856542,0.0036705621038507757,0.0058605601227948645,0.007199916929411361,0.0020780967016818266,-0.0006821168892023243
